427
113
256
159
297
270
35
102
192
214
15
101
351
81
13
338
311
446
268
423
24
142
311
292
324
182
440
357
427
307
373
276
461
319
103
17
477
125
38
71
310
22
380
284
445
14
480
239
450
208
429
312
397
304
16
350
190
150
357
79
466
91
247
429
16
497
142
365
349
7
457
261
478
113
477
302
169
199
208
43
253
68
213
99
255
426
209
456
191
104
317
346
154
466
40
301
396
90
153
294
376
114
79
379
64
165
357
264
365
111
489
90
53
232
401
169
182
417
344
219
494
499
19
367
420
195
124
371
97
309
392
396
432
412
273
335
384
135
81
249
407
454
458
490
187
245
122
405
167
253
213
329
470
224
201
360
109
236
468
371
12
289
123
325
185
15
310
498
493
57
199
341
142
240
421
148
264
167
19
500
31
238
258
466
314
333
368
354
17
362
167
46
102
104
269
367
356
112
251
340
471
203
3
233
471
294
182
243
85
285
292
33
297
404
465
318
471
444
42
181
457
488
249
152
371
65
492
440
59
338
482
354
73
151
481
428
376
10
499
225
149
257
347
416
188
82
216
171
45
339
124
249
123
249
420
103
373
264
370
190
352
171
173
301
118
53
224
57
498
327
25
11
258
329
221
278
140
382
123
479
173
137
417
278
109
432
460
421
263
115
96
156
250
225
464
142
331
495
177
251
82
402
406
392
307
165
12
311
286
401
457
74
101
332
255
481
389
332
14
22
134
91
477
213
167
436
368
134
238
471
90
289
238
73
290
420
33
250
84
217
82
78
352
110
42
169
360
390
105
137
397
465
319
249
308
398
114
253
182
161
253
39
456
484
393
123
307
83
316
175
497
77
322
246
82
17
253
457
158
223
46
463
349
194
498
367
15
27
135
71
309
351
369
405
370
321
425
475
462
164
389
20
204
161
250
84
480
329
294
220
351
3
66
402
408
322
461
232
377
295
357
344
74
345
320
107
49
223
453
33
282
187
212
482
224
222
96
269
210
240
353
459
458
171
92
190
151
500
497
449
6
250
371
419
400
185
309
176
7
149
27
296
135
384
330
262
257
366
46
108
372
474
317
113
354
477
362
6
483
185
171
433
236
133
322
446
339
171
467
23
18
141
36
159
448
54
14
424
104
84
495
177
280
289
377
413
129
263
314
426
395
110
303
490
44
397
465
445
331
464
127
338
264
64
356
409
256
69
323
66
385
38
270
434
483
122
125
215
312
65
204
322
187
399
37
297
341
8
39
440
244
492
244
16
166
448
358
366
344
101
375
171
34
133
123
109
431
181
356
338
420
380
483
425
141
179
408
397
360
451
347
88
409
282
51
256
248
96
462
172
336
363
166
23
245
182
490
42
233
407
419
144
103
460
375
51
499
310
183
97
365
55
454
341
35
220
250
171
71
158
231
381
164
214
256
499
258
318
17
277
340
359
294
92
208
348
61
360
471
143
73
144
186
56
427
384
52
376
424
487
304
37
427
297
48
121
137
19
310
333
258
298
476
416
456
456
290
214
351
332
444
298
349
124
444
160
345
319
477
58
370
185
178
458
71
343
443
152
48
270
206
157
353
477
77
205
438
112
51
276
41
162
420
385
481
269
1
420
415
482
235
350
113
209
360
123
370
473
109
34
150
15
421
61
361
302
213
449
80
391
74
403
312
184
471
160
449
2
154
454
196
264
177
387
340
287
475
143
265
309
251
201
383
410
149
304
176
173
134
439
179
480
272
118
86
135
317
288
165
78
477
436
49
421
104
133
67
472
231
163
29
349
353
255
169
174
500
421
204
260
318
6
103
439
133
276
317
120
109
433
208
54
485
452
54
331
318
278
286
328
384
26
235
69
93
294
284
458
348
315
278
493
315
359
369
113
449
425
429
331
400
457
434
253
156
130
366
344
409
148
462
296
195
20
192
187
28
244
158
96
386
139
84
388
36
75
483
199
323
235
433
219
140
371
347
283
439
364
480
53
166
232
421
487
264
437
495
201
362
182
476
154
478
407
281
109
477
165
260
198
351
454
42
34
71
238
183
3
354
420
169
23
121
266
409
60
75
80
382
128
206
405
329
218
247
181
17
450
105
218
275
326
104
72
319
252
138
300
124
75
264
63
73
256
280
194
136
157
414
180
282
329
320
378
168
47
410
366
427
177
56
391
196
71
433
23
430
114
306
167
254
22
486
127
369
123
477
372
295
445
173
441
343
340
173
340
25
250
135
314
24
178
350
398
210
274
11
483
237
87
495
204
448
26
496
272
15
18
222
253
360
446
216
43
89
473
176
50
390
366
40
436
212
461
382
497
429
7
10
342
109
65
345
266
221
21
328
217
302
142
398
104
76
85
385
472
106
291
160
356
312
75
295
277
10
100
152
186
52
98
7
386
409
52
269
141
65
490
298
473
190
82
86
186
270
133
453
424
280
57
29
306
92
174
487
120
485
134
229
195
192
411
172
337
358
386
383
149
349
212
61
487
129
85
445
193
313
101
164
473
112
484
365
306
73
47
154
149
131
328
8
181
69
322
199
119
37
377
367
380
429
482
7
328
47
479
19
19
129
50
352
222
67
486
417
467
131
339
304
261
323
371
497
212
216
126
468
6
28
190
137
285
448
327
361
290
260
164
84
482
443
367
355
105
474
136
381
261
29
108
129
225
116
105
443
470
379
373
208
191
481
273
326
225
323
384
205
259
12
20
452
194
257
335
371
268
262
212
93
223
337
348
18
382
70
348
77
479
9
181
49
397
230
479
129
372
421
124
160
31
432
311
180
121
413
226
157
31
99
43
253
278
94
35
382
172
56
29
297
292
308
159
276
474
103
116
495
382
143
371
19
414
88
112
156
337
338
215
484
291
180
288
282
450
317
167
70
57
333
176
43
351
91
418
239
423
448
461
286
436
20
285
13
57
68
192
31
354
358
250
137
101
420
463
23
81
67
377
90
209
89
312
224
252
105
414
25
144
157
313
106
378
477
32
432
103
291
168
163
456
82
226
162
279
455
44
226
420
173
495
107
476
115
243
356
86
473
307
257
169
59
171
247
105
317
283
50
340
319
56
351
63
150
92
490
85
345
288
183
238
134
498
245
149
82
169
72
428
417
288
364
384
261
106
440
52
403
27
243
191
447
222
161
198
415
339
258
305
296
130
419
470
400
434
130
299
318
279
426
339
493
109
329
396
85
179
259
269
439
190
37
84
128
124
151
40
412
465
227
126
207
157
319
85
26
67
65
293
241
33
148
15
114
265
305
72
258
261
344
215
211
466
234
383
117
182
342
100
45
215
350
401
213
14
10
10
461
78
308
447
354
258
129
386
423
239
294
144
357
118
372
311
267
433
181
300
286
154
139
367
354
90
147
494
218
397
1
344
362
117
497
252
66
66
290
99
192
134
284
464
150
359
280
18
226
117
101
143
239
176
28
271
122
28
410
155
71
206
74
399
168
212
462
395
101
116
18
299
108
64
204
248
155
142
366
458
104
101
75
121
436
498
312
87
11
315
497
233
73
258
248
63
360
360
386
279
335
500
396
130
228
256
115
378
345
100
372
52
429
282
281
431
131
48
167
368
26
395
240
257
331
418
307
273
154
185
307
53
127
377
432
457
191
479
132
265
33
164
339
311
242
448
46
440
456
23
438
185
221
49
348
396
132
221
437
443
443
308
213
467
277
275
27
252
130
297
379
284
44
282
471
243
145
312
407
391
241
187
188
473
445
263
352
151
411
147
422
255
143
45
380
309
333
74
469
302
452
117
169
284
281
328
174
260
320
33
178
39
383
411
465
440
122
39
472
381
108
146
218
48
316
258
67
264
461
367
168
30
159
432
69
98
290
396
165
377
277
375
102
456
22
474
192
396
460
17
231
282
365
494
63
164
120
419
377
317
102
345
244
273
414
371
61
223
220
371
323
19
87
90
102
231
447
30
418
142
438
459
69
446
199
311
37
228
376
247
275
446
353
197
183
50
19
486
222
354
282
365
379
169
206
297
114
428
38
271
415
447
112
155
449
155
45
394
68
393
104
126
158
368
173
48
158
223
183
434
225
272
67
236
121
186
418
181
391
232
321
435
159
384
209
263
288
144
490
353
171
78
197
223
196
194
437
132
234
236
297
326
222
128
51
115
237
262
70
67
299
206
81
453
230
264
229
51
43
84
491
331
260
295
372
101
440
26
358
350
229
319
318
40
335
242
436
128
150
173
280
354
9
412
424
160
191
75
436
62
114
350
188
32
73
346
250
463
241
25
265
233
468
79
349
218
387
466
136
404
141
465
93
175
413
274
80
402
461
230
391
53
328
113
17
194
241
241
2
102
326
154
274
292
168
39
172
372
313
319
459
285
330
415
359
157
148
187
237
81
420
56
98
407
406
197
238
178
257
268
142
37
343
466
482
348
61
42
148
221
422
127
411
181
435
470
495
214
444
493
131
437
407
369
63
147
380
495
279
44
169
44
324
302
310
69
310
488
330
11
332
59
174
76
308
372
490
218
110
137
404
185
257
79
271
367
239
230
194
27
147
254
38
73
385
160
401
344
373
212
334
102
384
224
188
61
294
220
188
348
382
177
364
178
83
237
131
326
249
2
255
18
365
174
142
152
109
98
299
353
378
172
441
363
431
30
221
215
473
36
23
291
384
277
417
376
434
287
135
25
54
192
86
18
299
264
268
273
200
241
258
490
282
483
483
174
258
384
426
135
73
282
295
90
421
220
129
338
275
491
155
461
419
349
438
307
186
222
447
334
136
346
455
153
305
51
184
104
161
242
452
399
308
497
59
279
144
263
449
27
454
226
189
377
97
420
189
298
21
412
275
284
399
420
306
363
276
161
58
251
214
180
47
352
422
271
423
358
470
400
154
362
239
21
414
201
218
23
116
457
419
190
44
168
304
160
313
458
20
88
120
114
382
237
119
209
447
318
194
423
111
245
184
166
139
243
466
393
356
491
453
49
413
327
236
134
399
400
46
253
118
17
35
221
1
76
70
480
402
174
33
326
175
137
217
276
213
491
462
138
183
93
301
271
90
451
457
153
177
488
232
21
87
464
206
364
447
347
322
374
441
314
493
344
414
224
128
383
62
487
317
161
402
442
383
109
302
144
238
364
134
321
159
79
141
441
434
25
496
355
478
354
122
469
333
412
471
471
179
459
434
489
287
333
291
47
103
443
411
370
83
6
497
245
220
6
21
100
384
198
476
486
203
35
343
78
244
266
71
47
6
258
259
334
298
59
317
411
213
376
127
317
228
253
12
90
124
316
20
420
400
466
360
368
238
117
459
391
82
417
116
386
58
228
173
446
461
447
135
70
215
493
296
467
26
188
415
394
38
309
189
73
154
317
449
215
75
377
55
407
406
429
393
309
304
163
43
228
446
382
241
333
339
337
414
70
174
91
162
415
47
239
41
80
21
164
348
105
169
146
247
100
421
248
108
391
476
122
462
142
23
363
455
118
364
238
500
421
150
410
309
483
328
356
416
477
3
432
170
497
282
383
497
156
3
438
28
128
389
42
258
354
295
149
110
284
390
371
181
212
353
415
28
141
429
29
310
53
285
265
289
470
5
192
76
370
56
498
93
33
326
162
58
134
200
430
456
460
405
454
453
474
16
16
497
122
486
307
288
23
391
415
111
161
137
52
207
151
276
235
248
361
67
339
55
332
403
67
165
197
175
427
139
205
125
108
304
111
184
406
333
359
284
127
177
428
29
140
314
93
434
101
344
436
17
31
64
263
19
470
484
346
285
98
7
443
42
178
316
63
423
322
423
370
5
147
261
243
367
430
455
194
451
407
107
203
239
408
208
430
316
319
261
293
8
146
497
140
122
137
272
438
89
72
373
125
399
472
451
38
429
178
403
171
216
145
290
108
32
49
280
221
106
377
54
483
224
132
315
296
99
461
320
53
402
495
219
306
497
491
382
37
54
225
397
494
174
223
80
205
489
444
36
234
129
222
74
439
223
278
243
72
246
131
104
173
71
39
17
257
82
276
146
186
306
152
337
435
140
137
22
490
498
197
207
488
426
417
87
247
429
243
232
324
7
214
260
429
421
453
213
288
286
183
178
96
362
252
467
429
407
396
41
336
278
411
275
381
175
353
175
272
495
73
35
128
417
362
414
6
224
311
164
138
348
278
87
153
294
404
294
190
292
219
487
84
133
321
168
271
235
439
173
104
322
424
371
51
462
306
137
76
5
361
490
122
374
330
434
143
261
482
41
473
499
282
466
119
242
452
356
146
221
41
26
458
245
290
163
365
425
459
183
30
347
227
245
211
281
457
392
39
495
407
366
111
246
494
147
412
285
347
336
252
157
48
350
150
106
352
475
382
475
383
364
256
350
401
311
388
187
430
365
256
86
418
499
44
234
281
40
74
229
391
137
191
351
51
102
290
253
346
248
144
67
388
318
318
267
105
451
439
138
465
13
303
51
429
113
244
483
489
400
472
486
479
80
95
23
104
41
489
232
499
448
20
69
117
473
14
193
310
232
475
241
74
38
419
180
210
364
342
404
26
343
224
411
448
224
215
189
38
177
481
478
246
212
411
266
218
299
205
22
467
117
416
246
78
255
186
228
286
411
261
335
69
178
42
311
160
153
308
270
274
432
484
88
66
391
330
109
257
358
24
150
220
273
276
206
447
427
327
113
154
77
244
45
177
480
227
52
425
213
127
213
49
369
251
65
293
60
14
4
322
308
148
211
365
292
62
109
65
305
330
139
403
479
193
336
20
347
409
472
214
259
173
135
372
414
332
299
321
326
324
281
131
185
460
459
314
480
99
134
140
500
52
98
149
263
177
498
13
144
461
186
123
367
371
293
139
289
492
255
241
73
189
146
314
70
147
134
195
63
341
65
118
225
274
98
150
197
31
29
463
29
167
231
262
18
34
433
42
484
107
22
147
8
440
104
147
462
5
498
79
113
4
193
24
443
183
140
169
272
270
65
41
341
181
231
409
410
91
115
120
135
120
455
188
319
489
114
344
85
345
190
311
103
344
395
119
359
105
177
21
61
310
274
123
86
378
231
376
35
201
424
485
284
297
174
420
310
16
269
465
98
230
462
390
157
174
147
100
148
159
385
460
451
447
486
227
136
226
423
483
39
435
46
140
169
364
49
331
484
454
396
196
48
72
422
143
305
341
21
23
328
459
393
124
207
299
195
281
78
481
89
338
498
196
411
95
128
330
12
101
78
470
333
172
109
272
68
139
294
34
422
247
62
252
177
423
188
343
233
442
401
323
181
68
246
46
225
433
346
123
91
171
81
451
276
2
284
416
161
213
480
305
210
335
341
127
78
20
228
37
118
497
430
478
449
476
42
219
268
155
49
312
27
184
261
362
499
439
469
205
59
437
37
188
121
125
67
164
383
264
209
330
35
225
434
255
44
478
155
487
13
451
181
93
486
135
98
99
389
59
198
389
141
476
479
187
368
306
154
461
353
151
111
480
413
88
130
395
333
301
97
442
157
445
343
404
38
6
119
86
29
192
258
423
178
24
196
396
370
43
218
99
11
246
7
279
337
153
348
96
233
191
414
97
474
199
203
89
87
214
251
140
480
177
247
343
251
354
282
459
182
263
135
66
141
216
493
184
91
128
361
357
381
477
117
275
450
261
109
48
470
428
167
434
119
91
130
334
12
167
323
146
165
482
484
139
128
324
135
276
498
218
447
34
378
99
331
427
82
125
11
397
324
420
242
83
428
282
33
214
367
31
49
123
401
115
159
414
36
355
135
360
73
175
490
175
187
128
102
16
380
126
40
307
489
88
175
69
228
361
185
177
123
246
171
413
471
436
470
277
281
135
357
455
412
358
40
217
413
389
474
352
2
354
240
393
72
334
47
213
363
350
257
397
427
295
83
280
302
124
237
251
192
203
372
285
78
2
106
95
213
492
43
28
23
25
244
66
134
235
477
352
393
68
387
395
382
364
377
55
64
324
180
345
195
189
254
106
384
340
396
58
213
467
420
225
486
327
328
228
236
439
239
483
304
408
4
57
386
172
27
101
240
87
329
141
174
133
218
162
240
293
245
92
301
12
269
134
436
307
75
11
233
403
379
32
304
42
229
138
8
258
250
178
97
316
200
373
106
109
118
71
26
155
358
494
220
445
66
383
426
415
42
404
194
29
73
311
62
198
222
416
388
351
484
274
293
425
179
97
142
444
7
223
111
410
425
360
478
308
107
162
238
225
465
138
406
409
225
316
498
46
55
406
46
296
484
420
28
118
191
328
158
283
20
45
329
130
134
118
21
191
436
109
113
41
113
466
396
133
174
36
130
353
262
85
268
40
90
278
74
321
348
355
291
440
136
426
352
142
209
379
61
94
139
82
181
336
105
171
195
59
378
311
380
466
298
279
241
208
10
266
357
361
313
393
469
317
104
248
401
438
167
105
376
24
290
418
38
13
133
40
301
145
72
213
434
155
264
127
374
355
283
498
236
69
314
163
41
140
370
356
249
220
178
286
474
69
432
273
7
415
493
282
311
472
377
340
418
41
496
292
46
64
140
109
196
34
180
122
433
299
431
177
258
415
194
120
378
269
67
381
291
426
284
73
99
186
185
404
25
493
488
358
445
354
473
81
30
118
465
14
111
161
184
124
474
24
353
370
378
60
187
131
372
118
498
222
461
487
336
438
497
112
442
213
20
218
174
79
411
494
141
162
77
69
382
272
103
208
273
317
167
157
253
173
272
178
418
315
219
328
373
33
290
107
42
224
437
106
77
444
209
76
481
396
60
451
226
383
433
199
66
360
430
74
235
77
436
131
480
419
116
17
312
47
338
471
334
320
259
255
24
272
453
93
61
377
259
425
337
58
238
382
53
49
398
459
243
376
90
88
496
188
240
371
12
245
106
142
170
217
430
355
86
401
184
357
383
290
338
471
42
162
100
186
242
300
404
409
409
4
247
176
104
126
157
364
112
226
62
165
166
321
151
143
332
192
96
324
392
30
364
466
125
318
72
32
188
493
82
12
326
18
271
139
195
409
73
232
31
243
347
218
322
305
390
82
411
234
269
494
477
475
442
409
231
459
444
477
82
452
381
304
358
346
254
463
241
458
290
436
206
4
356
355
387
160
156
297
280
216
481
434
364
306
17
188
281
333
443
325
107
478
262
389
381
236
394
396
140
466
398
137
258
77
208
427
65
448
329
393
406
202
276
237
467
163
376
327
481
83
287
324
424
73
182
374
327
213
183
212
280
225
34
144
8
404
253
383
310
40
78
47
52
78
157
346
410
250
315
362
31
432
131
209
236
380
335
256
206
255
485
279
67
349
134
396
452
69
390
34
184
158
335
479
138
244
147
452
68
312
8
83
246
352
134
329
2
404
287
396
45
224
140
368
178
147
417
374
438
21
460
429
493
261
492
358
134
280
353
313
263
111
145
242
16
25
35
65
214
327
17
419
93
180
374
64
69
260
138
319
414
404
481
331
163
136
39
348
71
395
384
356
71
350
370
275
236
133
42
30
69
495
379
158
174
250
206
290
168
463
167
436
378
141
234
254
302
149
1
480
213
343
183
95
10
490
288
320
335
459
289
227
97
66
139
456
299
91
151
472
267
26
75
138
419
381
420
440
420
480
420
154
96
456
56
82
300
414
250
388
18
39
377
137
312
261
340
462
118
495
370
107
113
219
476
239
430
180
466
356
119
76
301
241
127
175
455
54
334
198
304
258
49
256
233
99
437
8
261
72
284
187
402
385
339
339
83
471
237
48
242
274
51
134
484
318
14
41
254
350
286
159
123
429
55
462
106
201
139
215
139
279
139
359
458
87
483
209
11
90
247
386
426
108
88
451
315
44
440
278
222
309
244
303
481
142
76
163
461
131
6
197
104
54
463
94
183
31
53
35
385
360
369
80
92
373
213
493
7
156
445
255
65
81
447
50
97
60
149
454
123
411
236
54
320
229
499
452
432
220
460
303
38
107
153
184
296
74
210
191
10
257
447
379
223
413
318
255
146
359
474
300
200
109
383
495
59
259
386
339
239
79
312
15
98
63
313
265
494
425
372
375
376
344
195
500
487
123
201
309
48
5
382
118
166
279
429
15
236
238
152
425
77
96
363
168
38
58
183
179
228
104
440
188
464
290
233
268
329
121
456
497
380
306
224
466
250
479
378
408
228
436
348
25
386
179
244
163
159
446
326
453
337
116
5
109
403
11
432
279
200
155
117
404
75
393
117
324
368
70
381
145
432
428
310
101
299
98
433
438
128
71
207
98
204
435
386
258
432
461
380
286
165
439
236
328
262
283
472
370
373
59
461
207
396
239
238
380
341
430
423
41
184
335
183
173
455
414
448
269
246
323
99
222
347
226
445
216
109
132
96
227
15
477
414
422
49
396
36
196
416
58
91
32
309
277
424
166
66
379
134
432
134
82
272
370
2
278
78
286
332
386
84
263
285
209
381
190
432
452
108
463
260
414
194
324
63
74
138
16
163
275
312
231
127
27
475
311
245
323
100
130
253
446
194
197
187
69
271
231
490
1
66
15
352
421
345
22
143
437
371
170
49
166
29
411
253
402
455
416
279
367
137
493
144
42
3
118
323
93
22
477
192
424
479
152
70
379
399
328
464
3
96
219
204
238
224
282
421
323
470
59
145
236
252
235
410
12
183
404
474
293
196
31
425
9
318
190
233
429
473
473
308
192
71
349
281
194
27
484
432
109
81
483
158
345
328
439
491
424
62
201
198
449
105
40
210
133
110
271
382
327
500
300
50
136
230
310
152
209
404
492
48
364
206
95
448
329
396
165
366
229
70
442
204
326
411
264
369
216
192
408
464
275
468
84
429
454
347
445
15
40
382
434
186
13
253
493
82
415
289
192
358
282
405
419
117
197
301
51
424
96
398
327
244
312
164
42
441
309
252
497
430
46
118
357
37
89
319
160
414
413
414
404
457
179
465
156
320
324
209
84
292
131
482
266
150
392
49
357
428
299
236
29
374
151
443
219
454
245
106
10
434
98
256
44
69
209
263
40
181
487
351
376
189
232
10
98
442
117
278
436
11
90
345
465
358
197
313
301
274
318
24
35
191
382
462
346
440
105
142
393
77
26
278
417
495
370
394
345
266
185
486
491
72
293
5
68
496
273
183
487
277
355
154
183
253
201
35
52
402
420
158
325
407
225
500
463
180
349
119
181
398
441
224
73
347
128
134
290
128
143
456
216
428
472
364
101
105
490
359
433
494
87
41
8
211
186
423
323
458
215
295
300
209
37
203
60
336
368
117
89
251
277
21
408
179
84
16
264
379
451
107
61
370
189
256
460
407
400
35
243
414
312
46
3
198
142
